Ðò 0
1 0
2 0
3 357
4 22
5 53
6 43
7 6
8 0
9 221
10 28
11 166
12 260
13 217
14 40
15 22
16 0
17 0
18 186
19 25
20 216
21 89
22 131
23 165
24 32
25 61
26 531
27 193
28 181
29 31
30 0
31 59
32 16
33 102
33A 226
33B 24
33C 19
33D 0
34 0
35 299
36 117
37 0
38 0
39 9
40 218
41 271
42 0
42A 0
42B 0
42C 0
42D 111
43 10
44 0
45 0
46 0
47 0
48 0
49 13
50 0
51 0
52 0
53 0
54 42
55 0
56 44
57 0
58 5
59 0
59A 0
59B 0
60 0
61 0
62 0
62A 0
63 28
64 0
64A 0
64B 0
64C 74
64D 0
64E 17
65 0
66 0
67 0
68 0
69 0
70 0
71 65
72 0
73 17
74 0
75 25
76 0
77 11
78 156
79 38
79A 0
80 58
81 8
81A 0
81B 0
81C 156
81D 231
81E 0
81F 0
81G 0
81H 0
82 20
83 0
84 0
