Ðò 0.0
1 0.0
2 0.0
3 -14.888228985704046
4 -6.027143435587887
5 0.0
6 8.577143435587887
7 2.55
8 0.0
9 59.37955072555643
10 0.0
11 0.0
12 -28.84995667241114
13 34.05505100665901
14 0.0
15 0.0
16 0.0
17 0.0
18 -88.46215714863415
19 -2.55
20 -2.55
21 0.0
22 -6.027143435587887
23 56.104976969807815
24 0.0
25 -6.027143435587887
26 0.0
27 -8.86108555011616
28 125.95880893783497
29 0.0
30 0.0
31 8.86108555011616
32 0.0
33 20.272813236823254
33A -97.03930058422203
33B 2.55
33C 2.55
33D 0.0
34 0.0
35 -34.05505100665901
36 0.0
37 0.0
38 0.0
39 0.0
40 34.05505100665901
41 0.0
42 0.0
42A 0.0
42B 0.0
42C 0.0
42D -17.438228985704047
43 0.0
44 0.0
45 0.0
46 0.0
47 0.0
48 0.0
49 2.55
50 0.0
51 0.0
52 0.0
53 0.0
54 2.55
55 0.0
56 -26.299956672411138
57 0.0
58 0.0
59 0.0
59A 0.0
59B 0.0
60 0.0
61 0.0
62 0.0
62A 0.0
63 0.0
64 0.0
64A 0.0
64B 0.0
64C 13.78223776983576
64D 0.0
64E 0.0
65 0.0
66 0.0
67 0.0
68 0.0
69 0.0
70 0.0
71 0.0
72 0.0
73 2.55
74 0.0
75 0.0
76 0.0
77 0.0
78 13.78223776983576
79 0.0
79A 0.0
80 6.027143435587887
81 2.55
81A 0.0
81B 0.0
81C 11.411727686707092
81D 0.0
81E 0.0
81F 0.0
81G 0.0
81H 0.0
82 0.0
83 0.0
84 0.0
