Ðò 482.32822059161964 815.5052621260119 -333.17704153439223
1 8.577143435587887 28.84995667241114 -20.272813236823254
2 8.577143435587887 2.55 6.027143435587887
3 291.5411642537102 119.2516981011172 172.28946615259298
4 119.2516981011172 76.81777971126047 42.43391838985673
5 58.65497696980781 143.39703792353902 -84.7420609537312
6 143.39703792353902 76.81777971126047 66.57925821227855
7 143.39703792353902 401.1133017845906 -257.7162638610516
8 8.577143435587887 2.55 6.027143435587887
9 1349.1789503249743 1038.5397999283812 310.6391503965931
10 258.3831823477938 119.2516981011172 139.13148424667662
11 76.81777971126047 28.84995667241114 47.96782303884933
12 401.1133017845906 1483.069400912805 -1081.9560991282142
13 76.81777971126047 97.03930058422203 -20.221520872961563
14 258.3831823477938 440.91917090208267 -182.53598855428885
15 76.81777971126047 924.1376770205969 -847.3198973093365
16 2.55 2.55 0.0
17 2.55 2.55 0.0
18 980.6236796793571 1993.710423927433 -1013.086744248076
19 42.6321944422469 42.6321944422469 0.0
20 569.8753499112114 924.1376770205969 -354.2623271093855
21 197.2910394828023 291.5411642537102 -94.25012477090789
22 119.2516981011172 197.2910394828023 -78.03934138168509
23 291.5411642537102 76.81777971126047 214.7233845424497
24 17.438228985704047 42.6321944422469 -25.193965456542852
25 28.84995667241114 169.4249551947695 -140.57499852235836
26 169.4249551947695 615.9761449458156 -446.5511897510461
27 525.3200128542474 143.39703792353902 381.92297493070834
28 1284.2786357929986 169.4249551947695 1114.853680598229
29 28.84995667241114 17.438228985704047 11.411727686707092
30 17.438228985704047 42.6321944422469 -25.193965456542852
31 226.95567514306396 42.6321944422469 184.32348070081707
32 76.81777971126047 482.32822059161964 -405.51044088035917
33 58.65497696980781 97.03930058422203 -38.38432361441422
33A 197.2910394828023 525.3200128542474 -328.0289733714451
33B 17.438228985704047 2.55 14.888228985704046
33C 2.55 0.0 2.55
33D 0.0 2.55 -2.55
34 0.0 42.6321944422469 -42.6321944422469
35 569.8753499112114 258.3831823477938 311.4921675634176
36 362.93244363949304 258.3831823477938 104.54926129169922
37 8.577143435587887 2.55 6.027143435587887
38 17.438228985704047 8.577143435587887 8.86108555011616
39 8.577143435587887 0.0 8.577143435587887
40 169.4249551947695 119.2516981011172 50.173257093652296
41 197.2910394828023 97.03930058422203 100.25173889858026
42 326.4 42.6321944422469 283.7678055577531
42A 0.0 0.0 0.0
42B 0.0 8.577143435587887 -8.577143435587887
42C 42.6321944422469 17.438228985704047 25.193965456542852
42D 482.32822059161964 569.8753499112114 -87.54712931959176
43 525.3200128542474 169.4249551947695 355.89505765947786
44 2.55 8.577143435587887 -6.027143435587887
45 17.438228985704047 17.438228985704047 0.0
46 0.0 28.84995667241114 -28.84995667241114
47 28.84995667241114 42.6321944422469 -13.78223776983576
48 2.55 97.03930058422203 -94.48930058422204
49 119.2516981011172 226.95567514306396 -107.70397704194676
50 2.55 42.6321944422469 -40.0821944422469
51 2.55 17.438228985704047 -14.888228985704046
52 17.438228985704047 119.2516981011172 -101.81346911541316
53 0.0 0.0 0.0
54 97.03930058422203 76.81777971126047 20.221520872961563
55 0.0 17.438228985704047 -17.438228985704047
56 362.93244363949304 440.91917090208267 -77.98672726258962
57 2.55 8.577143435587887 -6.027143435587887
58 8.577143435587887 17.438228985704047 -8.86108555011616
59 0.0 8.577143435587887 -8.577143435587887
59A 8.577143435587887 0.0 8.577143435587887
59B 0.0 0.0 0.0
60 8.577143435587887 2.55 6.027143435587887
61 0.0 17.438228985704047 -17.438228985704047
62 42.6321944422469 28.84995667241114 13.78223776983576
62A 0.0 2.55 -2.55
63 58.65497696980781 119.2516981011172 -60.59672113130939
64 42.6321944422469 8.577143435587887 34.05505100665901
64A 28.84995667241114 28.84995667241114 0.0
64B 76.81777971126047 28.84995667241114 47.96782303884933
64C 119.2516981011172 58.65497696980781 60.59672113130939
64D 76.81777971126047 17.438228985704047 59.37955072555643
64E 17.438228985704047 197.2910394828023 -179.85281049709823
65 28.84995667241114 2.55 26.299956672411138
66 42.6321944422469 97.03930058422203 -54.407106141975135
67 8.577143435587887 2.55 6.027143435587887
68 76.81777971126047 143.39703792353902 -66.57925821227855
69 8.577143435587887 0.0 8.577143435587887
70 0.0 2.55 -2.55
71 58.65497696980781 143.39703792353902 -84.7420609537312
72 97.03930058422203 28.84995667241114 68.1893439118109
73 17.438228985704047 0.0 17.438228985704047
74 8.577143435587887 17.438228985704047 -8.86108555011616
75 58.65497696980781 17.438228985704047 41.21674798410376
76 17.438228985704047 17.438228985704047 0.0
77 17.438228985704047 119.2516981011172 -101.81346911541316
78 258.3831823477938 440.91917090208267 -182.53598855428885
79 143.39703792353902 258.3831823477938 -114.9861444242548
79A 0.0 8.577143435587887 -8.577143435587887
80 712.746667828058 763.3848545971563 -50.6381867690983
81 2.55 0.0 2.55
81A 2.55 2.55 0.0
81B 2.55 0.0 2.55
81C 3897.104645121539 4874.133177405182 -977.0285322836435
81D 712.746667828058 663.60531145107 49.14135637698803
81E 0.0 2.55 -2.55
81F 0.0 2.55 -2.55
81G 0.0 0.0 0.0
81H 17.438228985704047 58.65497696980781 -41.21674798410376
82 76.81777971126047 76.81777971126047 0.0
83 8.577143435587887 58.65497696980781 -50.07783353421993
84 8.577143435587887 2.55 6.027143435587887
