1 258.3831823477938 291.5411642537102 -33.15798190591636
2 2.55 17.438228985704047 -14.888228985704046
3 2.55 8.577143435587887 -6.027143435587887
4 28.84995667241114 8.577143435587887 20.272813236823254
5 58.65497696980781 197.2910394828023 -138.63606251299447
6 76.81777971126047 17.438228985704047 59.37955072555643
7 8.577143435587887 76.81777971126047 -68.24063627567259
8 42.6321944422469 28.84995667241114 13.78223776983576
9 42.6321944422469 143.39703792353902 -100.76484348129212
10 28.84995667241114 0.0 28.84995667241114
11 58.65497696980781 42.6321944422469 16.022782527560913
12 76.81777971126047 119.2516981011172 -42.43391838985673
13 0.0 0.0 0.0
14 326.4 869.0939671924268 -542.6939671924268
15 119.2516981011172 197.2910394828023 -78.03934138168509
£±6 0.0 2.55 -2.55
17 119.2516981011172 42.6321944422469 76.6195036588703
18 0.0 42.6321944422469 -42.6321944422469
19 2.55 28.84995667241114 -26.299956672411138
20 42.6321944422469 28.84995667241114 13.78223776983576
21 2.55 17.438228985704047 -14.888228985704046
£²2 76.81777971126047 28.84995667241114 47.96782303884933
23 525.3200128542474 42.6321944422469 482.68781841200047
24 143.39703792353902 291.5411642537102 -148.14412633017116
25 28.84995667241114 17.438228985704047 11.411727686707092
26 58.65497696980781 76.81777971126047 -18.16280274145266
27 2.55 2.55 0.0
28 28.84995667241114 17.438228985704047 11.411727686707092
29 2.55 17.438228985704047 -14.888228985704046
30 42.6321944422469 0.0 42.6321944422469
31 8.577143435587887 2.55 6.027143435587887
32 362.93244363949304 143.39703792353902 219.53540571595403
33 119.2516981011172 58.65497696980781 60.59672113130939
34 0.0 8.577143435587887 -8.577143435587887
35 0.0 2.55 -2.55
36 869.0939671924268 362.93244363949304 506.1615235529338
37 2.55 0.0 2.55
38 226.95567514306396 143.39703792353902 83.55863721952494
39 17.438228985704047 8.577143435587887 8.86108555011616
40 143.39703792353902 119.2516981011172 24.145339822421818
41 28.84995667241114 58.65497696980781 -29.805020297396673
42 28.84995667241114 17.438228985704047 11.411727686707092
43 42.6321944422469 143.39703792353902 -100.76484348129212
44 2.55 8.577143435587887 -6.027143435587887
45 8.577143435587887 143.39703792353902 -134.81989448795113
46 8.577143435587887 2.55 6.027143435587887
47 58.65497696980781 17.438228985704047 41.21674798410376
48 28.84995667241114 2.55 26.299956672411138
49 76.81777971126047 17.438228985704047 59.37955072555643
50 2.55 2.55 0.0
51 8.577143435587887 0.0 8.577143435587887
52 2.55 2.55 0.0
53 17.438228985704047 8.577143435587887 8.86108555011616
54 2.55 28.84995667241114 -26.299956672411138
55 8.577143435587887 2.55 6.027143435587887
56 8.577143435587887 97.03930058422203 -88.46215714863415
57 0.0 0.0 0.0
58 76.81777971126047 42.6321944422469 34.18558526901357
59 0.0 2.55 -2.55
60 17.438228985704047 258.3831823477938 -240.94495336208976
61 2.55 17.438228985704047 -14.888228985704046
62 0.0 0.0 0.0
63 8.577143435587887 28.84995667241114 -20.272813236823254
64 2.55 2.55 0.0
65 17.438228985704047 119.2516981011172 -101.81346911541316
66 97.03930058422203 58.65497696980781 38.38432361441422
67 0.0 0.0 0.0
68 119.2516981011172 226.95567514306396 -107.70397704194676
69 17.438228985704047 28.84995667241114 -11.411727686707092
70 17.438228985704047 42.6321944422469 -25.193965456542852
71 58.65497696980781 8.577143435587887 50.07783353421993
72 143.39703792353902 143.39703792353902 0.0
74 2.55 2.55 0.0
75 42.6321944422469 97.03930058422203 -54.407106141975135
76 58.65497696980781 42.6321944422469 16.022782527560913
77 97.03930058422203 42.6321944422469 54.407106141975135
78 42.6321944422469 615.9761449458156 -573.3439505035686
79 0.0 2.55 -2.55
80 0.0 8.577143435587887 -8.577143435587887
81 28.84995667241114 17.438228985704047 11.411727686707092
82 17.438228985704047 17.438228985704047 0.0
83 0.0 119.2516981011172 -119.2516981011172
84 0.0 8.577143435587887 -8.577143435587887
85 28.84995667241114 143.39703792353902 -114.54708125112788
86 0.0 2.55 -2.55
87 2.55 17.438228985704047 -14.888228985704046
88 2.55 42.6321944422469 -40.0821944422469
89 42.6321944422469 197.2910394828023 -154.65884504055538
90 8.577143435587887 0.0 8.577143435587887
91 8.577143435587887 42.6321944422469 -34.05505100665901
92 58.65497696980781 17.438228985704047 41.21674798410376
93 0.0 8.577143435587887 -8.577143435587887
94 28.84995667241114 97.03930058422203 -68.1893439118109
95 0.0 42.6321944422469 -42.6321944422469
96 0.0 0.0 0.0
97 2.55 8.577143435587887 -6.027143435587887
98 2.55 17.438228985704047 -14.888228985704046
99 76.81777971126047 291.5411642537102 -214.7233845424497
100 17.438228985704047 8.577143435587887 8.86108555011616
101 2.55 119.2516981011172 -116.7016981011172
102 8.577143435587887 2.55 6.027143435587887
103 8.577143435587887 0.0 8.577143435587887
104 0.0 17.438228985704047 -17.438228985704047
105 17.438228985704047 17.438228985704047 0.0
106 28.84995667241114 2.55 26.299956672411138
107 2.55 0.0 2.55
108 58.65497696980781 28.84995667241114 29.805020297396673
109 2.55 2.55 0.0
110 17.438228985704047 143.39703792353902 -125.95880893783497
111 326.4 615.9761449458156 -289.5761449458156
112 76.81777971126047 291.5411642537102 -214.7233845424497
113 8.577143435587887 17.438228985704047 -8.86108555011616
114 17.438228985704047 28.84995667241114 -11.411727686707092
115 2.55 17.438228985704047 -14.888228985704046
116 2.55 28.84995667241114 -26.299956672411138
117 2.55 97.03930058422203 -94.48930058422204
118 2.55 17.438228985704047 -14.888228985704046
119 226.95567514306396 17.438228985704047 209.5174461573599
120 2.55 17.438228985704047 -14.888228985704046
121 2.55 8.577143435587887 -6.027143435587887
122 97.03930058422203 28.84995667241114 68.1893439118109
123 0.0 2.55 -2.55
124 0.0 0.0 0.0
125 58.65497696980781 0.0 58.65497696980781
126 0.0 2.55 -2.55
127 2.55 2.55 0.0
128 0.0 0.0 0.0
129 8.577143435587887 17.438228985704047 -8.86108555011616
130 0.0 2.55 -2.55
131 0.0 0.0 0.0
132 8.577143435587887 17.438228985704047 -8.86108555011616
133 17.438228985704047 28.84995667241114 -11.411727686707092
134 0.0 0.0 0.0
135 8.577143435587887 8.577143435587887 0.0
136 8.577143435587887 2.55 6.027143435587887
137 76.81777971126047 226.95567514306396 -150.13789543180349
138 0.0 8.577143435587887 -8.577143435587887
139 2.55 169.4249551947695 -166.87495519476948
140 58.65497696980781 2.55 56.104976969807815
141 226.95567514306396 143.39703792353902 83.55863721952494
142 2.55 8.577143435587887 -6.027143435587887
143 169.4249551947695 97.03930058422203 72.38565461054746
144 28.84995667241114 17.438228985704047 11.411727686707092
145 0.0 0.0 0.0
146 2.55 2.55 0.0
147 28.84995667241114 76.81777971126047 -47.96782303884933
148 28.84995667241114 58.65497696980781 -29.805020297396673
149 58.65497696980781 8.577143435587887 50.07783353421993
150 119.2516981011172 226.95567514306396 -107.70397704194676
151 58.65497696980781 28.84995667241114 29.805020297396673
152 8.577143435587887 58.65497696980781 -50.07783353421993
153 2.55 42.6321944422469 -40.0821944422469
154 0.0 8.577143435587887 -8.577143435587887
155 2.55 2.55 0.0
156 763.3848545971563 119.2516981011172 644.1331564960391
