0 22
1 22
2 19
3 0
4 0
5 67
6 20
7 0
8 97
9 0
10 59
11 245
12 91
13 0
14 108
15 0
16 6
17 63
18 237
19 34
20 101
21 81
22 33
23 92
24 248
25 0
26 55
27 156
28 14
29 0
30 124
31 164
32 192
33 2
34 81
35 0
36 118
37 35
38 0
39 27
40 0
41 16
42 64
43 24
44 0
45 111
46 136
47 0
48 0
49 31
50 0
51 36
52 459
53 16
54 0
55 47
56 17
57 79
58 0
59 25
60 54
61 0
62 357
63 79
64 537
65 118
66 477
67 0
68 138
69 82
70 308
71 564
72 0
73 209
74 19
75 0
76 271
77 0
78 0
79 63
80 122
81 230
82 80
83 237
84 0
85 0
86 14
87 76
88 96
89 167
90 0
91 21
92 271
93 0
94 0
95 0
96 374
97 762
98 143
99 0
100 246
101 665
102 7
103 193
104 0
105 205
106 33
107 89
108 182
109 49
110 399
111 0
112 0
113 77
114 317
115 0
116 162
117 0
118 70
119 576
120 174
121 36
122 199
123 0
124 26
125 0
126 278
127 67
128 0
129 21
130 0
131 58
132 260
133 0
134 0
135 3
136 0
137 103
138 16
139 0
140 10
141 398
142 0
143 79
144 279
145 0
146 114
147 8
148 17
149 204
