0 482.32822059161964 663.60531145107 -181.2770908594503
1 2.55 17.438228985704047 -14.888228985704046
2 0.0 42.6321944422469 -42.6321944422469
3 2.55 76.81777971126047 -74.26777971126047
4 0.0 2.55 -2.55
5 28.84995667241114 42.6321944422469 -13.78223776983576
6 58.65497696980781 0.0 58.65497696980781
7 8.577143435587887 8.577143435587887 0.0
8 17.438228985704047 28.84995667241114 -11.411727686707092
9 0.0 0.0 0.0
10 42.6321944422469 119.2516981011172 -76.6195036588703
11 362.93244363949304 924.1376770205969 -561.2052333811039
12 258.3831823477938 58.65497696980781 199.728205377986
13 58.65497696980781 8.577143435587887 50.07783353421993
14 615.9761449458156 869.0939671924268 -253.11782224661124
15 0.0 8.577143435587887 -8.577143435587887
16 42.6321944422469 76.81777971126047 -34.18558526901357
17 17.438228985704047 28.84995667241114 -11.411727686707092
18 569.8753499112114 482.32822059161964 87.54712931959176
19 2.55 28.84995667241114 -26.299956672411138
20 42.6321944422469 291.5411642537102 -248.9089698114633
21 8.577143435587887 42.6321944422469 -34.05505100665901
22 28.84995667241114 17.438228985704047 11.411727686707092
23 28.84995667241114 2.55 26.299956672411138
24 169.4249551947695 615.9761449458156 -446.5511897510461
25 2.55 2.55 0.0
26 2.55 0.0 2.55
27 76.81777971126047 119.2516981011172 -42.43391838985673
28 291.5411642537102 76.81777971126047 214.7233845424497
29 0.0 42.6321944422469 -42.6321944422469
30 8.577143435587887 97.03930058422203 -88.46215714863415
31 28.84995667241114 97.03930058422203 -68.1893439118109
32 58.65497696980781 8.577143435587887 50.07783353421993
33 0.0 17.438228985704047 -17.438228985704047
34 119.2516981011172 76.81777971126047 42.43391838985673
35 0.0 8.577143435587887 -8.577143435587887
36 2.55 0.0 2.55
37 58.65497696980781 42.6321944422469 16.022782527560913
38 0.0 2.55 -2.55
39 97.03930058422203 28.84995667241114 68.1893439118109
40 17.438228985704047 2.55 14.888228985704046
41 0.0 0.0 0.0
42 8.577143435587887 28.84995667241114 -20.272813236823254
43 17.438228985704047 42.6321944422469 -25.193965456542852
44 58.65497696980781 197.2910394828023 -138.63606251299447
45 169.4249551947695 42.6321944422469 126.7927607525226
46 0.0 58.65497696980781 -58.65497696980781
47 0.0 0.0 0.0
48 0.0 8.577143435587887 -8.577143435587887
49 28.84995667241114 58.65497696980781 -29.805020297396673
50 17.438228985704047 17.438228985704047 0.0
51 42.6321944422469 17.438228985704047 25.193965456542852
52 482.32822059161964 401.1133017845906 81.21491880702905
53 28.84995667241114 8.577143435587887 20.272813236823254
54 8.577143435587887 0.0 8.577143435587887
55 28.84995667241114 169.4249551947695 -140.57499852235836
56 258.3831823477938 58.65497696980781 199.728205377986
57 97.03930058422203 143.39703792353902 -46.357737339316984
58 42.6321944422469 42.6321944422469 0.0
59 17.438228985704047 17.438228985704047 0.0
60 28.84995667241114 2.55 26.299956672411138
61 2.55 8.577143435587887 -6.027143435587887
62 58.65497696980781 17.438228985704047 41.21674798410376
63 17.438228985704047 42.6321944422469 -25.193965456542852
64 615.9761449458156 326.4 289.5761449458156
65 8.577143435587887 226.95567514306396 -218.37853170747607
66 440.91917090208267 326.4 114.51917090208269
67 28.84995667241114 0.0 28.84995667241114
68 28.84995667241114 197.2910394828023 -168.44108281039115
69 28.84995667241114 28.84995667241114 0.0
70 362.93244363949304 97.03930058422203 265.893143055271
71 712.746667828058 712.746667828058 0.0
72 2.55 2.55 0.0
73 58.65497696980781 76.81777971126047 -18.16280274145266
74 2.55 17.438228985704047 -14.888228985704046
75 58.65497696980781 226.95567514306396 -168.30069817325614
76 291.5411642537102 440.91917090208267 -149.3780066483725
77 8.577143435587887 28.84995667241114 -20.272813236823254
78 0.0 0.0 0.0
79 97.03930058422203 28.84995667241114 68.1893439118109
80 2.55 58.65497696980781 -56.104976969807815
81 119.2516981011172 58.65497696980781 60.59672113130939
82 58.65497696980781 2.55 56.104976969807815
83 76.81777971126047 401.1133017845906 -324.2955220733301
84 8.577143435587887 2.55 6.027143435587887
85 28.84995667241114 197.2910394828023 -168.44108281039115
86 143.39703792353902 58.65497696980781 84.7420609537312
87 2.55 8.577143435587887 -6.027143435587887
88 76.81777971126047 58.65497696980781 18.16280274145266
89 2.55 326.4 -323.84999999999997
90 0.0 2.55 -2.55
91 143.39703792353902 362.93244363949304 -219.53540571595403
92 169.4249551947695 326.4 -156.97504480523048
93 0.0 2.55 -2.55
94 8.577143435587887 8.577143435587887 0.0
95 2.55 2.55 0.0
96 291.5411642537102 17.438228985704047 274.10293526800615
97 1038.5397999283812 1552.0411893136509 -513.5013893852697
98 58.65497696980781 197.2910394828023 -138.63606251299447
99 2.55 28.84995667241114 -26.299956672411138
100 326.4 569.8753499112114 -243.47534991121142
101 615.9761449458156 401.1133017845906 214.862843161225
102 28.84995667241114 28.84995667241114 0.0
103 226.95567514306396 258.3831823477938 -31.427507204729864
104 0.0 2.55 -2.55
105 76.81777971126047 482.32822059161964 -405.51044088035917
106 0.0 17.438228985704047 -17.438228985704047
107 8.577143435587887 28.84995667241114 -20.272813236823254
108 169.4249551947695 362.93244363949304 -193.50748844472355
109 17.438228985704047 169.4249551947695 -151.98672620906544
110 482.32822059161964 815.5052621260119 -333.17704153439223
111 2.55 17.438228985704047 -14.888228985704046
112 0.0 2.55 -2.55
113 17.438228985704047 28.84995667241114 -11.411727686707092
114 663.60531145107 482.32822059161964 181.2770908594503
115 2.55 8.577143435587887 -6.027143435587887
116 2.55 97.03930058422203 -94.48930058422204
117 28.84995667241114 28.84995667241114 0.0
118 42.6321944422469 169.4249551947695 -126.7927607525226
119 291.5411642537102 712.746667828058 -421.2055035743478
120 17.438228985704047 119.2516981011172 -101.81346911541316
121 42.6321944422469 58.65497696980781 -16.022782527560913
122 197.2910394828023 362.93244363949304 -165.64140415669075
123 0.0 17.438228985704047 -17.438228985704047
124 97.03930058422203 482.32822059161964 -385.2889200073976
125 8.577143435587887 0.0 8.577143435587887
126 226.95567514306396 615.9761449458156 -389.0204698027516
127 76.81777971126047 143.39703792353902 -66.57925821227855
128 2.55 2.55 0.0
129 2.55 8.577143435587887 -6.027143435587887
130 0.0 2.55 -2.55
131 28.84995667241114 525.3200128542474 -496.4700561818362
132 258.3831823477938 712.746667828058 -454.36348548026416
133 2.55 2.55 0.0
134 8.577143435587887 58.65497696980781 -50.07783353421993
135 2.55 28.84995667241114 -26.299956672411138
136 0.0 2.55 -2.55
137 28.84995667241114 97.03930058422203 -68.1893439118109
138 28.84995667241114 42.6321944422469 -13.78223776983576
139 2.55 8.577143435587887 -6.027143435587887
140 0.0 2.55 -2.55
141 615.9761449458156 401.1133017845906 214.862843161225
142 2.55 2.55 0.0
143 119.2516981011172 226.95567514306396 -107.70397704194676
144 362.93244363949304 197.2910394828023 165.64140415669075
145 0.0 17.438228985704047 -17.438228985704047
146 17.438228985704047 58.65497696980781 -41.21674798410376
147 58.65497696980781 8.577143435587887 50.07783353421993
148 2.55 76.81777971126047 -74.26777971126047
149 401.1133017845906 362.93244363949304 38.180858145097545
