0 0.0
1 0.0
2 0.0
3 0.0
4 0.0
5 -8.577143435587887
6 0.0
7 0.0
8 0.0
9 0.0
10 -2.55
11 0.0
12 0.0
13 0.0
14 0.0
15 0.0
16 0.0
17 0.0
18 0.0
19 0.0
20 2.55
21 0.0
22 0.0
23 2.55
24 -20.272813236823254
25 0.0
26 0.0
27 17.438228985704047
28 0.0
29 0.0
30 0.0
31 0.0
32 -2.55
33 0.0
34 0.0
35 0.0
36 0.0
37 0.0
38 0.0
39 2.55
40 0.0
41 0.0
42 0.0
43 2.55
44 0.0
45 0.0
46 -2.55
47 0.0
48 0.0
49 2.55
50 0.0
51 0.0
52 29.805020297396673
53 0.0
54 0.0
55 0.0
56 0.0
57 0.0
58 0.0
59 0.0
60 2.55
61 0.0
62 0.0
63 6.027143435587887
64 14.888228985704046
65 0.0
66 68.1893439118109
67 0.0
68 -8.577143435587887
69 0.0
70 8.577143435587887
71 -79.60107159851799
72 0.0
73 0.0
74 -8.577143435587887
75 0.0
76 0.0
77 0.0
78 0.0
79 0.0
80 -26.299956672411138
81 0.0
82 26.299956672411138
83 -6.027143435587887
84 0.0
85 0.0
86 0.0
87 0.0
88 0.0
89 -68.24063627567259
90 0.0
91 0.0
92 0.0
93 0.0
94 0.0
95 0.0
96 0.0
97 0.0
98 0.0
99 0.0
100 0.0
101 0.0
102 0.0
103 0.0
104 0.0
105 0.0
106 0.0
107 0.0
108 0.0
109 0.0
110 0.0
111 0.0
112 0.0
113 0.0
114 0.0
115 0.0
116 0.0
117 0.0
118 0.0
119 0.0
120 0.0
121 0.0
122 0.0
123 0.0
124 0.0
125 0.0
126 0.0
127 0.0
128 0.0
129 0.0
130 0.0
131 0.0
132 6.027143435587887
133 0.0
134 0.0
135 0.0
136 0.0
137 0.0
138 0.0
139 0.0
140 0.0
141 0.0
142 0.0
143 0.0
144 0.0
145 0.0
146 -20.272813236823254
147 0.0
148 -2.55
149 0.0
