1 0
2 0
3 0
4 0
5 0
6 0
7 0
8 7
9 0
10 16
11 0
12 0
13 0
15 0
16 0
17 0
18 0
19 0
20 0
21 0
22 0
23 0
24 2
25 0
26 0
27 258
28 225
29 139
30 42
31 74
32 60
33 95
34 478
35 99
36 15
37 179
38 41
39 44
40 159
41 57
42 92
43 229
44 31
45 335
46 173
47 117
48 16
49 0
50 125
51 12
52 33
53 1161
54 0
55 618
56 59
57 192
58 35
59 222
61 0
62 104
63 0
64 44
65 0
66 0
67 308
68 52
69 137
70 345
71 0
72 287
73 75
74 65
75 9
76 151
77 228
78 0
79 0
80 178
81 564
82 293
83 315
84 121
85 70
86 39
87 74
89 125
90 555
91 632
92 184
93 430
94 157
95 67
96 1136
97 109
98 321
99 0
100 0
101 23
102 0
103 34
104 0
105 0
106 7
107 0
108 0
110 3
111 0
112 0
113 27
114 0
115 23
117 0
119 0
120 0
121 0
122 27
123 0
124 77
125 227
126 89
127 0
128 166
129 0
130 410
131 0
132 31
133 30
134 50
135 52
137 0
138 0
139 31
140 2
141 0
142 43
143 0
144 14
145 0
146 121
147 0
148 103
149 27
150 0
151 0
152 0
153 66
154 62
155 0
156 0
157 8
158 0
159 121
160 6
161 0
162 18
163 138
164 41
165 0
166 82
167 67
168 11
169 0
170 32
171 0
172 0
173 9
174 12
175 0
176 0
177 3
178 27
179 23
180 703
181 186
182 0
183 0
184 20
