1 0.0
2 0.0
3 0.0
4 0.0
5 0.0
6 0.0
7 0.0
8 -2.55
9 0.0
10 0.0
11 0.0
12 0.0
13 0.0
15 0.0
16 0.0
17 0.0
18 0.0
19 0.0
20 0.0
21 0.0
22 0.0
23 0.0
24 0.0
25 0.0
26 0.0
27 59.37955072555643
28 -22.212397516895166
29 0.0
30 0.0
31 6.027143435587887
32 0.0
33 11.411727686707092
34 -168.44108281039115
35 0.0
36 2.55
37 0.0
38 -14.888228985704046
39 0.0
40 -8.86108555011616
41 0.0
42 6.027143435587887
43 0.0
44 0.0
45 -2.55
46 0.0
47 -34.05505100665901
48 0.0
49 0.0
50 -8.577143435587887
51 0.0
52 0.0
53 129.91637455884194
54 0.0
55 -29.805020297396673
56 0.0
57 0.0
58 0.0
59 13.78223776983576
61 0.0
62 0.0
63 0.0
64 -8.577143435587887
65 0.0
66 0.0
67 -16.022782527560913
68 0.0
69 -2.55
70 -11.411727686707092
71 0.0
72 -42.6321944422469
73 6.027143435587887
74 0.0
75 0.0
76 0.0
77 0.0
78 0.0
79 0.0
80 -6.027143435587887
81 46.357737339316984
82 0.0
83 116.7016981011172
84 0.0
85 17.438228985704047
86 0.0
87 0.0
89 0.0
90 83.55863721952494
91 249.5822202887395
92 0.0
93 72.38565461054746
94 0.0
95 2.55
96 -541.0253932388002
97 0.0
98 -11.411727686707092
99 0.0
100 0.0
101 0.0
102 0.0
103 2.55
104 0.0
105 0.0
106 2.55
107 0.0
108 0.0
110 0.0
111 0.0
112 0.0
113 2.55
114 0.0
115 0.0
117 0.0
119 0.0
120 0.0
121 0.0
122 -14.888228985704046
123 0.0
124 -2.55
125 26.299956672411138
126 -6.027143435587887
127 0.0
128 0.0
129 0.0
130 -41.21674798410376
131 0.0
132 0.0
133 0.0
134 0.0
135 2.55
137 0.0
138 0.0
139 8.577143435587887
140 0.0
141 0.0
142 0.0
143 0.0
144 0.0
145 0.0
146 0.0
147 0.0
148 0.0
149 2.55
150 0.0
151 0.0
152 0.0
153 0.0
154 0.0
155 0.0
156 0.0
157 -2.55
158 0.0
159 0.0
160 0.0
161 0.0
162 2.55
163 0.0
164 -2.55
165 0.0
166 0.0
167 0.0
168 0.0
169 0.0
170 8.577143435587887
171 0.0
172 0.0
173 0.0
174 -2.55
175 0.0
176 0.0
177 0.0
178 -8.577143435587887
179 0.0
180 64.58548911064622
181 -50.07783353421993
182 0.0
183 0.0
184 0.0
