1 0.0 17.438228985704047 -17.438228985704047
2 58.65497696980781 0.0 58.65497696980781
3 0.0 0.0 0.0
4 226.95567514306396 17.438228985704047 209.5174461573599
5 0.0 2.55 -2.55
6 0.0 0.0 0.0
7 17.438228985704047 0.0 17.438228985704047
8 0.0 17.438228985704047 -17.438228985704047
9 0.0 2.55 -2.55
10 17.438228985704047 8.577143435587887 8.86108555011616
11 0.0 0.0 0.0
12 8.577143435587887 2.55 6.027143435587887
13 0.0 8.577143435587887 -8.577143435587887
15 0.0 2.55 -2.55
16 0.0 2.55 -2.55
17 0.0 0.0 0.0
18 0.0 0.0 0.0
19 0.0 0.0 0.0
20 0.0 8.577143435587887 -8.577143435587887
21 0.0 0.0 0.0
22 0.0 0.0 0.0
23 0.0 0.0 0.0
24 0.0 0.0 0.0
25 2.55 0.0 2.55
26 0.0 0.0 0.0
27 763.3848545971563 226.95567514306396 536.4291794540923
28 615.9761449458156 440.91917090208267 175.0569740437329
29 197.2910394828023 97.03930058422203 100.25173889858026
30 119.2516981011172 143.39703792353902 -24.145339822421818
31 76.81777971126047 28.84995667241114 47.96782303884933
32 17.438228985704047 76.81777971126047 -59.37955072555643
33 143.39703792353902 58.65497696980781 84.7420609537312
34 258.3831823477938 362.93244363949304 -104.54926129169922
35 17.438228985704047 42.6321944422469 -25.193965456542852
36 143.39703792353902 169.4249551947695 -26.02791727123048
37 76.81777971126047 291.5411642537102 -214.7233845424497
38 58.65497696980781 42.6321944422469 16.022782527560913
39 28.84995667241114 119.2516981011172 -90.40174142870606
40 226.95567514306396 28.84995667241114 198.10571847065282
41 58.65497696980781 42.6321944422469 16.022782527560913
42 119.2516981011172 42.6321944422469 76.6195036588703
43 169.4249551947695 197.2910394828023 -27.866084288032795
44 17.438228985704047 8.577143435587887 8.86108555011616
45 763.3848545971563 2743.021806169217 -1979.6369515720608
46 97.03930058422203 97.03930058422203 0.0
47 76.81777971126047 615.9761449458156 -539.158365234555
48 0.0 17.438228985704047 -17.438228985704047
49 0.0 2.55 -2.55
50 76.81777971126047 143.39703792353902 -66.57925821227855
51 8.577143435587887 17.438228985704047 -8.86108555011616
52 0.0 0.0 0.0
53 1693.9942415801274 815.5052621260119 878.4889794541156
54 0.0 8.577143435587887 -8.577143435587887
55 763.3848545971563 712.746667828058 50.6381867690983
56 8.577143435587887 42.6321944422469 -34.05505100665901
57 169.4249551947695 97.03930058422203 72.38565461054746
58 2.55 76.81777971126047 -74.26777971126047
59 97.03930058422203 482.32822059161964 -385.2889200073976
61 0.0 0.0 0.0
62 42.6321944422469 2.55 40.0821944422469
63 0.0 2.55 -2.55
64 0.0 17.438228985704047 -17.438228985704047
65 0.0 8.577143435587887 -8.577143435587887
66 2.55 8.577143435587887 -6.027143435587887
67 258.3831823477938 815.5052621260119 -557.122079778218
68 17.438228985704047 17.438228985704047 0.0
69 76.81777971126047 143.39703792353902 -66.57925821227855
70 924.1376770205969 1483.069400912805 -558.931723892208
71 8.577143435587887 2.55 6.027143435587887
72 97.03930058422203 869.0939671924268 -772.0546666082048
73 119.2516981011172 58.65497696980781 60.59672113130939
74 58.65497696980781 97.03930058422203 -38.38432361441422
75 76.81777971126047 258.3831823477938 -181.56540263653335
76 58.65497696980781 76.81777971126047 -18.16280274145266
77 76.81777971126047 28.84995667241114 47.96782303884933
78 226.95567514306396 169.4249551947695 57.53071994829446
79 0.0 0.0 0.0
80 197.2910394828023 440.91917090208267 -243.62813141928038
81 362.93244363949304 980.6236796793571 -617.6912360398641
82 482.32822059161964 1284.2786357929986 -801.950415201379
83 525.3200128542474 291.5411642537102 233.77884860053717
84 17.438228985704047 8.577143435587887 8.86108555011616
85 76.81777971126047 97.03930058422203 -20.221520872961563
86 0.0 8.577143435587887 -8.577143435587887
87 58.65497696980781 197.2910394828023 -138.63606251299447
89 2.55 58.65497696980781 -56.104976969807815
90 1349.1789503249743 1158.6161429721722 190.5628073528021
91 980.6236796793571 663.60531145107 317.01836822828716
92 197.2910394828023 143.39703792353902 53.89400155926327
93 663.60531145107 440.91917090208267 222.68614054898728
94 97.03930058422203 8.577143435587887 88.46215714863415
95 119.2516981011172 119.2516981011172 0.0
96 763.3848545971563 2314.106384222644 -1550.7215296254876
97 143.39703792353902 197.2910394828023 -53.89400155926327
98 226.95567514306396 569.8753499112114 -342.91967476814744
99 0.0 0.0 0.0
100 8.577143435587887 42.6321944422469 -34.05505100665901
101 8.577143435587887 17.438228985704047 -8.86108555011616
102 17.438228985704047 76.81777971126047 -59.37955072555643
103 17.438228985704047 0.0 17.438228985704047
104 8.577143435587887 0.0 8.577143435587887
105 17.438228985704047 76.81777971126047 -59.37955072555643
106 42.6321944422469 8.577143435587887 34.05505100665901
107 0.0 0.0 0.0
108 0.0 76.81777971126047 -76.81777971126047
110 0.0 2.55 -2.55
111 2.55 17.438228985704047 -14.888228985704046
112 0.0 58.65497696980781 -58.65497696980781
113 2.55 2.55 0.0
114 0.0 0.0 0.0
115 58.65497696980781 143.39703792353902 -84.7420609537312
117 17.438228985704047 17.438228985704047 0.0
119 2.55 28.84995667241114 -26.299956672411138
120 2.55 0.0 2.55
121 0.0 0.0 0.0
122 8.577143435587887 169.4249551947695 -160.8478117591816
123 0.0 0.0 0.0
124 97.03930058422203 97.03930058422203 0.0
125 76.81777971126047 119.2516981011172 -42.43391838985673
126 8.577143435587887 8.577143435587887 0.0
127 0.0 2.55 -2.55
128 119.2516981011172 17.438228985704047 101.81346911541316
129 0.0 0.0 0.0
130 197.2910394828023 143.39703792353902 53.89400155926327
131 58.65497696980781 17.438228985704047 41.21674798410376
132 0.0 76.81777971126047 -76.81777971126047
133 2.55 42.6321944422469 -40.0821944422469
134 17.438228985704047 0.0 17.438228985704047
135 17.438228985704047 28.84995667241114 -11.411727686707092
137 2.55 0.0 2.55
138 8.577143435587887 0.0 8.577143435587887
139 17.438228985704047 8.577143435587887 8.86108555011616
140 0.0 2.55 -2.55
141 0.0 0.0 0.0
142 8.577143435587887 8.577143435587887 0.0
143 2.55 2.55 0.0
144 2.55 8.577143435587887 -6.027143435587887
145 0.0 0.0 0.0
146 28.84995667241114 8.577143435587887 20.272813236823254
147 28.84995667241114 8.577143435587887 20.272813236823254
148 17.438228985704047 17.438228985704047 0.0
149 8.577143435587887 2.55 6.027143435587887
150 0.0 8.577143435587887 -8.577143435587887
151 2.55 0.0 2.55
152 8.577143435587887 0.0 8.577143435587887
153 97.03930058422203 58.65497696980781 38.38432361441422
154 42.6321944422469 2.55 40.0821944422469
155 0.0 0.0 0.0
156 0.0 2.55 -2.55
157 17.438228985704047 226.95567514306396 -209.5174461573599
158 0.0 8.577143435587887 -8.577143435587887
159 76.81777971126047 58.65497696980781 18.16280274145266
160 8.577143435587887 8.577143435587887 0.0
161 2.55 17.438228985704047 -14.888228985704046
162 17.438228985704047 8.577143435587887 8.86108555011616
163 97.03930058422203 42.6321944422469 54.407106141975135
164 0.0 8.577143435587887 -8.577143435587887
165 0.0 0.0 0.0
166 291.5411642537102 169.4249551947695 122.11620905894068
167 28.84995667241114 17.438228985704047 11.411727686707092
168 8.577143435587887 2.55 6.027143435587887
169 17.438228985704047 2.55 14.888228985704046
170 28.84995667241114 2.55 26.299956672411138
171 28.84995667241114 17.438228985704047 11.411727686707092
172 8.577143435587887 8.577143435587887 0.0
173 8.577143435587887 8.577143435587887 0.0
174 8.577143435587887 17.438228985704047 -8.86108555011616
175 0.0 0.0 0.0
176 8.577143435587887 17.438228985704047 -8.86108555011616
177 17.438228985704047 143.39703792353902 -125.95880893783497
178 8.577143435587887 8.577143435587887 0.0
179 226.95567514306396 362.93244363949304 -135.9767684964291
180 1916.8245555271758 1622.3522866847832 294.4722688423926
181 362.93244363949304 362.93244363949304 0.0
182 8.577143435587887 8.577143435587887 0.0
183 2.55 0.0 2.55
184 8.577143435587887 2.55 6.027143435587887
