1 0.0
2 0.0
3 0.0
4 0.0
5 0.0
6 0.0
7 0.0
8 0.0
9 0.0
10 0.0
11 0.0
12 0.0
13 0.0
15 0.0
16 0.0
17 0.0
18 0.0
19 0.0
20 0.0
21 0.0
22 0.0
23 0.0
24 0.0
25 0.0
26 0.0
27 0.0
28 6.027143435587887
29 2.55
30 0.0
31 -11.411727686707092
32 0.0
33 0.0
34 54.407106141975135
35 0.0
36 0.0
37 -2.55
38 0.0
39 0.0
40 0.0
41 0.0
42 6.027143435587887
43 0.0
44 2.55
45 -40.0821944422469
46 0.0
47 -42.6321944422469
48 0.0
49 0.0
50 -8.86108555011616
51 0.0
52 0.0
53 74.26777971126047
54 0.0
55 59.37955072555643
56 -6.027143435587887
57 0.0
58 0.0
59 -94.48930058422204
61 0.0
62 8.577143435587887
63 0.0
64 0.0
65 0.0
66 0.0
67 0.0
68 -2.55
69 0.0
70 8.577143435587887
71 0.0
72 -224.40567514306395
73 8.577143435587887
74 -34.05505100665901
75 0.0
76 0.0
77 0.0
78 0.0
79 0.0
80 -179.85281049709823
81 -198.10571847065282
82 0.0
83 -8.86108555011616
84 0.0
85 0.0
86 0.0
87 0.0
89 0.0
90 74.26777971126047
91 -110.76997822496168
92 0.0
93 -6.027143435587887
94 0.0
95 0.0
96 38.38432361441422
97 0.0
98 11.411727686707092
99 0.0
100 0.0
101 0.0
102 0.0
103 0.0
104 0.0
105 0.0
106 0.0
107 0.0
108 0.0
110 0.0
111 0.0
112 0.0
113 0.0
114 0.0
115 -8.577143435587887
117 0.0
119 0.0
120 0.0
121 0.0
122 0.0
123 0.0
124 0.0
125 -56.104976969807815
126 0.0
127 0.0
128 0.0
129 0.0
130 0.0
131 0.0
132 0.0
133 0.0
134 0.0
135 0.0
137 0.0
138 0.0
139 0.0
140 0.0
141 0.0
142 0.0
143 0.0
144 0.0
145 0.0
146 0.0
147 0.0
148 0.0
149 0.0
150 0.0
151 0.0
152 0.0
153 0.0
154 0.0
155 0.0
156 0.0
157 0.0
158 0.0
159 0.0
160 0.0
161 0.0
162 0.0
163 0.0
164 0.0
165 0.0
166 0.0
167 0.0
168 0.0
169 0.0
170 0.0
171 0.0
172 0.0
173 0.0
174 0.0
175 0.0
176 0.0
177 0.0
178 0.0
179 0.0
180 0.0
181 0.0
182 0.0
183 0.0
184 0.0
