1 107
2 44
3 2
4 54
5 109
6 172
7 19
8 13
9 43
10 0
11 92
12 260
13 0
14 435
15 126
£±6 0
17 86
18 18
19 0
20 65
21 0
£²2 47
23 187
24 188
25 0
26 47
27 5
28 0
29 6
30 65
31 56
32 287
33 27
34 0
35 0
36 331
37 5
38 136
39 0
40 102
41 67
42 84
43 66
44 14
45 9
46 0
47 22
48 28
49 35
50 5
51 8
52 0
53 0
54 24
55 0
56 0
57 0
58 24
59 0
60 103
61 15
62 0
63 21
64 31
65 145
66 204
67 0
68 296
69 39
70 95
71 38
72 177
74 0
75 19
76 148
77 76
78 280
79 14
80 6
81 46
82 66
83 0
84 22
85 0
86 3
87 4
88 3
89 34
90 0
91 52
92 80
93 0
94 29
95 7
96 0
97 0
98 0
99 77
100 0
101 9
102 7
103 0
104 0
105 22
106 59
107 0
108 55
109 0
110 36
111 377
112 58
113 47
114 78
115 0
116 54
117 35
118 30
119 150
120 63
121 30
122 99
123 0
124 0
125 0
126 0
127 0
128 0
129 3
130 0
131 0
132 10
133 26
134 1
135 5
136 0
137 13
138 0
139 91
140 79
141 186
142 0
143 147
144 59
145 0
146 52
147 64
148 57
149 158
150 115
151 38
152 61
153 2
154 0
155 0
156 172
